0.0 0.6724020214195182 0.128893401154886 0.5267893084486379 0.5407107278921309 0.9908613599333556 0.002050522757033435 0.25438538107576525 0.9139725788413481 0.019388406818808823
0.6724020214195182 0.0 0.6832702366310413 0.11055470850396065 0.05396261067451902 0.8024467765162114 0.36803305962950417 0.29755117142523446 0.26191977695013713 0.2777675997874667
0.128893401154886 0.6832702366310413 0.0 0.8336847006562887 0.018887939309527035 0.6992363441922547 0.10323597433664211 0.8739937161990953 0.8488691823730387 0.047100754143342916
0.5267893084486379 0.11055470850396065 0.8336847006562887 0.0 0.17701320404751952 0.7169859243075002 0.8851214403490627 0.5362167810993794 0.653187606560202 0.6268402837973026
0.5407107278921309 0.05396261067451902 0.018887939309527035 0.17701320404751952 0.0 0.16543994980123555 0.35116957939391524 0.09270291410697218 0.03575057829589301 0.126935558523802
0.9908613599333556 0.8024467765162114 0.6992363441922547 0.7169859243075002 0.16543994980123555 0.0 0.7451846461440758 0.9902970634322896 0.5504760701399319 0.800966105017294
0.002050522757033435 0.36803305962950417 0.10323597433664211 0.8851214403490627 0.35116957939391524 0.7451846461440758 0.0 0.30148954211718215 0.45879148361643773 0.1915495446341734
0.25438538107576525 0.29755117142523446 0.8739937161990953 0.5362167810993794 0.09270291410697218 0.9902970634322896 0.30148954211718215 0.0 0.5519367930397686 0.6284568260167108
0.9139725788413481 0.26191977695013713 0.8488691823730387 0.653187606560202 0.03575057829589301 0.5504760701399319 0.45879148361643773 0.5519367930397686 0.0 0.9183080224144331
0.019388406818808823 0.2777675997874667 0.047100754143342916 0.6268402837973026 0.126935558523802 0.800966105017294 0.1915495446341734 0.6284568260167108 0.9183080224144331 0.0
