0.0 0.20813074278981092 0.7587931716853029 0.9925213018251806 0.247453243810973 0.09309676182097837 0.6708408964332568 0.4304786951684135 0.04714145025513761 0.1389449517620931
0.20813074278981092 0.0 0.01230981381183649 0.35589862057923205 0.5073553198535296 0.8781418477709889 0.9385776404494063 0.15631051094550175 0.40077637981177106 0.2660919991917521
0.7587931716853029 0.01230981381183649 0.0 0.659100273043653 0.15214922960317545 0.6137436375696198 0.2616471411129989 0.03185947255266286 0.3724750199006732 0.5982065825601275
0.9925213018251806 0.35589862057923205 0.659100273043653 0.0 0.3007839363639965 0.9229057622457328 0.03699301391992782 0.5599481472758225 0.05672193790354063 0.17206232581020164
0.247453243810973 0.5073553198535296 0.15214922960317545 0.3007839363639965 0.0 0.5281736177487165 0.4877083197649269 0.4785785554349551 0.340125164036179 0.3862342149699237
0.09309676182097837 0.8781418477709889 0.6137436375696198 0.9229057622457328 0.5281736177487165 0.0 0.5561105561364049 0.5229261476330105 0.2743992731373911 0.8451490173433442
0.6708408964332568 0.9385776404494063 0.2616471411129989 0.03699301391992782 0.4877083197649269 0.5561105561364049 0.0 0.139862542605117 0.24860124631028335 0.3395740362173426
0.4304786951684135 0.15631051094550175 0.03185947255266286 0.5599481472758225 0.4785785554349551 0.5229261476330105 0.139862542605117 0.0 0.2946479011155566 0.17681589587058555
0.04714145025513761 0.40077637981177106 0.3724750199006732 0.05672193790354063 0.340125164036179 0.2743992731373911 0.24860124631028335 0.2946479011155566 0.0 0.8952356151374503
0.1389449517620931 0.2660919991917521 0.5982065825601275 0.17206232581020164 0.3862342149699237 0.8451490173433442 0.3395740362173426 0.17681589587058555 0.8952356151374503 0.0
