0.0 0.05440728370716719 0.9341646366192012 0.0681893581586458 0.061870160753747405 0.8935351772880328 0.7642930080055682 0.6101955772042019 0.6546686694695067 0.6436804085673045
0.05440728370716719 0.0 0.16873338674296656 0.46965554767077944 0.7430953089728183 0.909196081709499 0.4585669617023458 0.09717781728446562 0.776406449107656 0.5130455441592582
0.9341646366192012 0.16873338674296656 0.0 0.16720409562631378 0.5237805482862645 0.22222051761430106 0.5515518897264028 0.46806346998129744 0.8750832376725624 0.6756438404271559
0.0681893581586458 0.46965554767077944 0.16720409562631378 0.0 0.6937592931016076 0.7911027600634308 0.35306880675931285 0.36264868815322804 0.04440274792734944 0.7205554114121769
0.061870160753747405 0.7430953089728183 0.5237805482862645 0.6937592931016076 0.0 0.15816069009873146 0.05880513661943321 0.7679730971527162 0.49364037549595685 0.7016803355238523
0.8935351772880328 0.909196081709499 0.22222051761430106 0.7911027600634308 0.15816069009873146 0.0 0.448558889166227 0.12125815358442882 0.6638473574659501 0.3534564333055348
0.7642930080055682 0.4585669617023458 0.5515518897264028 0.35306880675931285 0.05880513661943321 0.448558889166227 0.0 0.34128969865202896 0.9205254074534103 0.37088591722571673
0.6101955772042019 0.09717781728446562 0.46806346998129744 0.36264868815322804 0.7679730971527162 0.12125815358442882 0.34128969865202896 0.0 0.2106931431519643 0.4428252883074394
0.6546686694695067 0.776406449107656 0.8750832376725624 0.04440274792734944 0.49364037549595685 0.6638473574659501 0.9205254074534103 0.2106931431519643 0.0 0.8463216247758762
0.6436804085673045 0.5130455441592582 0.6756438404271559 0.7205554114121769 0.7016803355238523 0.3534564333055348 0.37088591722571673 0.4428252883074394 0.8463216247758762 0.0
