0.0 0.31483964994671887 0.47864791328109657 0.8048911438939675 0.0015156865809359266 0.4856721426557187 0.2781170774965833 0.17155187492514112 0.28310368569745326 0.7413514668614432
0.31483964994671887 0.0 0.8458447580361341 0.9749928466297482 0.32307483271448634 0.3219175384511651 0.02245315044583185 0.8006680946731826 0.3878926912769469 0.6251346034770918
0.47864791328109657 0.8458447580361341 0.0 0.8814927190215482 0.42593262961395173 0.6117127602675468 0.7640094077786288 0.663454654668829 0.12868562140376805 0.19070317867763942
0.8048911438939675 0.9749928466297482 0.8814927190215482 0.0 0.6721404263293792 0.180227321278846 0.8983045283390373 0.06874871468437604 0.6017988331254349 0.38737182334313636
0.0015156865809359266 0.32307483271448634 0.42593262961395173 0.6721404263293792 0.0 0.57953961572545 0.029187011365841453 0.008516931472373312 0.9285572835246588 0.1340664698608799
0.4856721426557187 0.3219175384511651 0.6117127602675468 0.180227321278846 0.57953961572545 0.0 0.5400115590501968 0.1831995505636741 0.24008662564566652 0.07814688730998276
0.2781170774965833 0.02245315044583185 0.7640094077786288 0.8983045283390373 0.029187011365841453 0.5400115590501968 0.0 0.0916732068506082 0.14254694585508465 0.9826886683179149
0.17155187492514112 0.8006680946731826 0.663454654668829 0.06874871468437604 0.008516931472373312 0.1831995505636741 0.0916732068506082 0.0 0.011737226291123615 0.10671773827500164
0.28310368569745326 0.3878926912769469 0.12868562140376805 0.6017988331254349 0.9285572835246588 0.24008662564566652 0.14254694585508465 0.011737226291123615 0.0 0.6273560578338795
0.7413514668614432 0.6251346034770918 0.19070317867763942 0.38737182334313636 0.1340664698608799 0.07814688730998276 0.9826886683179149 0.10671773827500164 0.6273560578338795 0.0
